360
290
246
480
286
345
229
150
395
230
426
461
403
209
176
277
97
59
193
240
183
14
255
102
409
77
366
310
420
210
93
226
356
403
378
120
325
248
83
19
215
271
499
22
26
286
202
81
223
470
56
262
368
220
310
233
380
148
17
330
345
147
229
435
78
365
481
196
42
208
295
50
224
219
433
247
185
308
207
248
464
250
65
133
93
120
16
285
272
351
59
301
35
344
204
485
50
106
282
372
204
227
492
465
295
349
491
86
265
300
447
143
302
310
203
8
38
370
176
156
182
183
105
485
141
218
225
274
437
240
449
345
205
479
72
108
203
185
293
286
101
195
87
182
395
489
61
303
49
22
206
118
364
259
243
169
411
225
275
317
284
153
323
183
448
264
21
314
294
272
163
460
413
375
277
478
429
173
11
223
155
88
332
326
445
409
306
7
362
68
142
221
162
244
190
368
144
451
396
59
393
260
398
238
223
297
51
478
87
127
254
56
471
132
238
413
471
436
247
255
167
247
456
71
466
373
280
303
302
307
231
369
377
255
179
7
178
398
237
237
311
457
89
227
351
271
77
47
230
108
255
158
119
196
422
242
74
15
390
326
418
210
236
166
473
279
167
81
128
437
396
310
365
157
472
230
496
323
287
384
332
437
289
356
48
267
81
110
191
21
415
461
266
184
251
7
324
451
54
266
131
344
173
280
143
252
481
328
66
435
155
215
68
106
384
60
80
206
332
253
59
183
289
471
22
436
342
269
469
218
152
277
437
261
461
347
137
311
131
274
226
195
369
352
489
498
444
139
408
205
49
43
352
239
237
161
36
56
376
63
79
311
246
218
345
377
260
75
35
55
116
346
266
289
161
263
465
33
411
136
489
440
5
269
296
1
299
383
364
102
406
475
208
169
113
300
151
118
22
295
229
408
302
276
341
372
140
75
400
170
162
125
328
344
111
351
241
45
16
121
392
318
343
418
331
40
115
69
237
176
264
69
458
214
54
94
481
169
244
306
129
290
473
330
41
95
382
385
249
220
191
415
173
54
191
289
288
103
482
227
11
282
33
373
347
140
381
64
233
497
105
111
296
148
353
74
271
155
495
496
11
315
223
18
476
194
297
269
259
12
444
86
48
278
416
59
114
61
445
159
